8.000000000000000167e-08
6.471691297281997911e-07
8.000000000000000167e-08
5.409477150437912389e-07
8.000000000000000167e-08
6.128108517152649645e-07
8.000000000000000167e-08
5.451399576757855163e-07
8.480920712292539020e-08
5.571465468198839533e-07
1.041283249623769724e-07
5.683825268930249992e-07
1.206071615418978423e-07
5.453606000195717687e-07
1.489328787220995134e-07
5.596517856026876872e-07
1.577246806097593997e-07
5.375735197289849521e-07
1.916138183651357991e-07
5.452978368340581802e-07
2.183148415744697741e-07
5.273762636262851479e-07
2.579719671903026952e-07
5.190431673826566842e-07
2.958698315313453402e-07
5.079182620971759672e-07
3.456819250499637246e-07
4.837732714628326235e-07
3.530423594102972781e-07
4.755727894100678355e-07
2.779537408421133652e-07
5.343239303526127203e-07
3.208783508764521970e-07
4.391900156092227882e-07
2.087972539360405505e-07
5.096034441826133781e-07
2.651493411176059259e-07
4.402419673775346202e-07
2.042098384948468071e-07
4.965670181371688741e-07
2.545414732634887603e-07
4.453891134139822758e-07
2.946473284435509766e-07
4.049813528642096090e-07
