8.000000000000000167e-08
6.494790196469213122e-07
8.064507408671908319e-08
4.893950717375073937e-07
9.908088005455462645e-08
5.819987320486979918e-07
8.000000000000000167e-08
6.094080388406059578e-07
8.034087031585949541e-08
5.283149205516917266e-07
1.059958698173261051e-07
5.293798835504926867e-07
1.234750100588590444e-07
5.788184756201380906e-07
1.322782137093862487e-07
5.417984561683520914e-07
1.828972099966843894e-07
5.428555653431176788e-07
1.821162467041168963e-07
5.469620367584472201e-07
2.047528356012012129e-07
5.278171835095250688e-07
2.319625049903979832e-07
5.302167968384703609e-07
2.173420001165499749e-07
5.319386599268856979e-07
2.579453512468370747e-07
5.165726251838458202e-07
2.625264105350029595e-07
5.085733890631378546e-07
1.932974384961252109e-07
5.546743244422585516e-07
2.361698182585809523e-07
4.968905698812860569e-07
1.588677206048173978e-07
5.821094872793643910e-07
2.048722661216872631e-07
5.183227162104723389e-07
1.504144602399311752e-07
5.623021039562510741e-07
1.949260145241467463e-07
5.078546907032734608e-07
2.321732544548876280e-07
4.681032895521520675e-07
2.206728406930806149e-07
4.794515521756930962e-07
2.803067424661869631e-07
4.196932575338129523e-07
2.080339078758502013e-07
4.919660921241497671e-07
2.301325391220589916e-07
4.698674608779409238e-07
1.719898962043039897e-07
5.280101037956958463e-07
2.439917894814125860e-07
4.560082105185873294e-07
2.391114471014493310e-07
4.608885528985505844e-07
