8.000000000000000167e-08
6.412164659088296209e-07
8.000000000000000167e-08
5.554125288012387796e-07
8.000000000000000167e-08
5.952885769283200537e-07
8.000000000000000167e-08
5.686125391370919710e-07
8.422627109504415714e-08
5.493220195335623752e-07
9.998240982197168044e-08
5.568716405132139304e-07
1.148741972032732696e-07
5.627551310277725273e-07
1.379440181661117041e-07
5.468959296712778024e-07
1.667553464598195359e-07
5.462097267353987469e-07
1.949770421027687138e-07
5.426016639889425168e-07
2.192728065890232359e-07
5.267825596188933327e-07
2.538124649822602342e-07
5.288096220934900840e-07
2.496434711903411100e-07
5.185851494748372659e-07
2.698135758892507138e-07
5.124600987676554341e-07
2.766377117094122510e-07
5.136637539894304787e-07
2.106641124998342701e-07
5.397981710003874503e-07
2.383561333232434690e-07
4.970531602551742824e-07
1.608588577082584660e-07
5.835147569483387851e-07
2.098623026218017916e-07
5.212482659251628875e-07
1.535797069802473757e-07
5.597179460525009010e-07
1.937430469255908306e-07
5.058037091873617794e-07
2.321582733287738444e-07
4.678660275750005415e-07
2.208282029672545192e-07
4.794515521756930962e-07
2.803067424661869631e-07
4.196932575338129523e-07
2.080339078758502013e-07
4.919660921241497671e-07
2.301325391220589916e-07
4.698674608779409238e-07
1.719898962043039897e-07
5.280101037956958463e-07
2.439917894814125860e-07
4.560082105185873294e-07
2.391114471014493310e-07
4.608885528985505844e-07
