9.999999999999999547e-08
5.999999999999999728e-07
1.102587096149676892e-07
5.897412903850322791e-07
1.172599990116220089e-07
5.827400009883779595e-07
1.087978923518247146e-07
5.912021076481752008e-07
1.153198135898634208e-07
5.846801864101365342e-07
1.313589486730132329e-07
5.686410513269866825e-07
1.179911920774232013e-07
5.820088079225767141e-07
1.570736639533308599e-07
5.429263360466690290e-07
1.833881260842645660e-07
5.166118739157354024e-07
1.388327198981520701e-07
5.611672801018478982e-07
1.801348817795076757e-07
5.198651182204922926e-07
1.779937124726924931e-07
5.220062875273074222e-07
1.584473436319926855e-07
5.415526563680072563e-07
2.159365160650264293e-07
4.840634839349734331e-07
2.269661888334249818e-07
4.730338111665749071e-07
1.674372242826569701e-07
5.325627757173429453e-07
2.205940471510701078e-07
4.794059528489297811e-07
1.437791246328063304e-07
5.562208753671935320e-07
1.968291822684294198e-07
5.031708177315705221e-07
1.471438151252988587e-07
5.528561848747010832e-07
1.933298107790881435e-07
5.066701892209117189e-07
2.317329673578593374e-07
4.682670326421406310e-07
2.205484478243068722e-07
4.794515521756930962e-07
2.803067424661869631e-07
4.196932575338129523e-07
2.080339078758502013e-07
4.919660921241497671e-07
2.301325391220589916e-07
4.698674608779409238e-07
1.719898962043039897e-07
5.280101037956958463e-07
2.439917894814125860e-07
4.560082105185873294e-07
2.391114471014493310e-07
4.608885528985505844e-07
