-2.494135484533474667e+00
1.000000000000000056e-01
6.042821509155948956e-01
1.000000000000000056e-01
5.448616277219386905e-01
1.006783632984238896e-01
5.508848335855938139e-01
1.037456301851527318e-01
5.566982730107864485e-01
1.061621222353566624e-01
5.562493781067894272e-01
1.297625299148827960e-01
5.315545510267428719e-01
1.512386033550162656e-01
5.479984083833554509e-01
1.567510588135802574e-01
5.431884676738200080e-01
1.765032396759914912e-01
5.271582117306610193e-01
1.964287761083589323e-01
5.356141411278644293e-01
1.987550513712415812e-01
5.256198998682589663e-01
2.174092260299235746e-01
5.251446665554861948e-01
2.367045391141106569e-01
5.131355724648291039e-01
2.505765336110964969e-01
5.170317397257649938e-01
2.687441754209557443e-01
5.102501266608500119e-01
2.610515386219844913e-01
4.989213120743029584e-01
2.841386765473852827e-01
5.077721134104874467e-01
3.087767905014144887e-01
4.914147666377827184e-01
3.188910427214117216e-01
4.610560858029494335e-01
3.316559305749102737e-01
4.389500338600265672e-01
3.505926963169266886e-01
4.237612460512544810e-01
3.726533126727878398e-01
4.107994752076293277e-01
3.970551936914519797e-01
3.985431371786792298e-01
4.230652911226126522e-01
3.859827381239108179e-01
4.506637971243974694e-01
