-2.445509181447454772e+00
1.000000000000000056e-01
6.155572222787778491e-01
1.000000000000000056e-01
5.396215581877134015e-01
1.000000000000000056e-01
5.788944696407904988e-01
1.000000000000000056e-01
5.497574062774015502e-01
1.000000000000000056e-01
5.643928901473068693e-01
1.000000000000000056e-01
5.571845225525771106e-01
1.083865459920982655e-01
5.616840408137818708e-01
1.355676124306450514e-01
5.440602612118865533e-01
1.404057330689909566e-01
5.599644900305735806e-01
1.411171582351334330e-01
5.585856523273406982e-01
1.539416907393399980e-01
5.463365806120218382e-01
1.800846569431264199e-01
5.475593626727203178e-01
1.873519427501593726e-01
5.550445292656559504e-01
1.626804420767210546e-01
5.472099607511304864e-01
2.079607174972626649e-01
5.412582080072781965e-01
2.709679813919060321e-01
5.247106577641300618e-01
2.775717879018511081e-01
5.485630490939251702e-01
3.038968708746543346e-01
5.020470365877024443e-01
3.170208126135982685e-01
4.610844731084127179e-01
3.302160785229203976e-01
4.375253638716409266e-01
3.491132155186460473e-01
4.225636116390859565e-01
3.722345364716837524e-01
4.104485886951483864e-01
3.965386315983034371e-01
3.980016102397574418e-01
4.229393865069998593e-01
3.856480738915415984e-01
4.507316482553176962e-01
